/*
Examples
****************************************************************************
NBA Players Height & Weight
****************************
Enter the no. of data pairs to be entered: 505

Enter the x-axis values:
69
69
71
71
71
71
72
72
72
72
72
72
72
72
72
72
72
72
72
73
73
73
73
73
73
73
73
73
73
73
73
73
73
73
73
74
74
74
74
74
74
74
74
74
74
74
74
74
74
74
74
74
74
74
74
74
75
75
75
75
75
75
75
75
75
75
75
75
75
75
75
75
75
75
75
75
75
75
75
75
75
75
75
75
75
75
75
75
75
75
75
75
75
75
75
75
75
76
76
76
76
76
76
76
76
76
76
76
76
76
76
76
76
76
76
76
76
76
76
76
76
76
76
76
76
76
76
76
76
77
77
77
77
77
77
77
77
77
77
77
77
77
77
77
77
77
77
77
77
77
77
77
77
77
77
77
77
77
77
77
78
78
78
78
78
78
78
78
78
78
78
78
78
78
78
78
78
78
78
78
78
78
78
78
78
78
78
78
78
78
78
78
78
78
78
78
78
78
78
78
78
78
78
79
79
79
79
79
79
79
79
79
79
79
79
79
79
79
79
79
79
79
79
79
79
79
79
79
79
79
79
79
79
79
79
79
79
79
79
79
79
79
79
79
79
79
79
79
79
79
79
79
80
80
80
80
80
80
80
80
80
80
80
80
80
80
80
80
80
80
80
80
80
80
80
80
80
80
80
80
80
80
80
80
80
80
80
80
80
80
80
80
80
80
80
80
80
80
81
81
81
81
81
81
81
81
81
81
81
81
81
81
81
81
81
81
81
81
81
81
81
81
81
81
81
81
81
81
81
81
81
81
81
81
81
81
81
81
81
81
81
81
81
81
81
81
81
81
81
81
81
81
81
81
81
81
81
81
81
81
81
81
81
81
81
82
82
82
82
82
82
82
82
82
82
82
82
82
82
82
82
82
82
82
82
82
82
82
82
82
82
82
82
82
82
82
82
82
82
82
82
82
82
82
82
82
82
82
82
82
82
82
82
82
82
82
82
82
83
83
83
83
83
83
83
83
83
83
83
83
83
83
83
83
83
83
83
83
83
83
83
83
83
83
83
83
83
83
83
83
83
83
83
83
83
83
83
83
83
83
83
83
84
84
84
84
84
84
84
84
84
84
84
84
84
84
84
84
84
84
84
84
84
84
84
84
84
84
84
84
84
84
84
84
84
84
85
85
85
85
85
85
85
86
87

Enter the y-axis values:
180
185
175
176
195
157
180
205
175
185
190
189
161
198
185
175
160
175
175
171
205
169
181
175
185
172
180
185
180
210
195
195
185
195
195
180
180
195
189
200
180
175
175
181
168
190
170
187
180
200
170
185
185
185
180
195
209
185
205
180
220
190
190
197
191
202
205
203
189
215
190
200
175
211
185
190
200
180
200
195
215
185
185
187
208
195
197
175
185
196
191
185
201
172
178
190
190
195
210
190
190
185
215
210
190
210
215
185
220
215
220
210
191
195
207
200
200
213
180
200
213
180
190
190
208
190
195
210
205
215
200
200
200
197
210
205
200
210
220
205
215
214
220
205
210
205
200
200
189
180
220
183
201
200
205
189
200
225
210
195
219
218
205
220
215
208
185
225
200
215
222
200
219
205
225
220
230
225
211
195
215
220
205
194
225
220
220
210
205
225
190
215
174
200
210
195
207
220
200
205
207
211
238
220
240
185
235
260
205
226
214
233
217
197
200
220
197
220
228
215
212
243
232
225
201
260
230
228
197
240
270
235
195
225
220
220
206
185
218
215
215
245
206
250
230
205
230
225
226
200
230
215
250
245
235
230
260
220
218
248
230
235
240
230
210
228
253
212
237
221
240
190
250
215
220
235
226
218
232
210
230
240
205
218
225
235
235
225
228
241
230
200
207
210
239
200
221
230
260
235
235
217
235
209
240
220
225
250
237
266
220
225
230
227
225
236
210
253
245
240
235
205
254
229
250
230
245
289
250
250
275
200
215
252
225
200
204
207
215
260
215
261
225
217
240
235
242
210
188
240
230
205
235
240
196
240
235
235
230
255
235
235
248
207
248
235
235
260
240
228
240
230
250
235
225
270
275
231
240
235
260
250
245
280
240
225
235
230
228
240
240
220
255
240
210
250
228
228
220
240
235
260
225
245
250
255
280
235
255
232
237
246
245
230
251
235
245
245
260
260
253
255
230
270
200
232
260
250
232
230
235
275
220
235
240
250
250
265
235
250
260
255
240
235
225
245
290
210
235
240
240
225
267
255
255
265
230
240
245
270
250
245
255
238
265
255
250
257
270
285
250
240
247
230
280
263
260
285
255
245
255
222
265
235
240
252
250
255
240
260
275
240
265
250
263
260
235
245
265
250
250
235
255
278
263

S.no         x           y(actual)                     y(fitted)                               deviation
------------------------------------------------------------------------------------------------------------------
1.          69                 180                 156.949645996                           23.0503540039
2.          69                 185                 156.949645996                           28.0503540039
3.          71                 175                 169.610778809                           5.38922119141
4.          71                 176                 169.610778809                           6.38922119141
5.          71                 195                 169.610778809                           25.3892211914
6.          71                 157                 169.610778809                          -12.6107788086
7.          72                 180                 175.941345215                           4.05865478516
8.          72                 205                 175.941345215                           29.0586547852
9.          72                 175                 175.941345215                         -0.941345214844
10.          72                 185                 175.941345215                           9.05865478516
11.          72                 190                 175.941345215                           14.0586547852
12.          72                 189                 175.941345215                           13.0586547852
13.          72                 161                 175.941345215                          -14.9413452148
14.          72                 198                 175.941345215                           22.0586547852
15.          72                 185                 175.941345215                           9.05865478516
16.          72                 175                 175.941345215                         -0.941345214844
17.          72                 160                 175.941345215                          -15.9413452148
18.          72                 175                 175.941345215                         -0.941345214844
19.          72                 175                 175.941345215                         -0.941345214844
20.          73                 171                 182.271896362                          -11.2718963623
21.          73                 205                 182.271896362                           22.7281036377
22.          73                 169                 182.271896362                          -13.2718963623
23.          73                 181                 182.271896362                           -1.2718963623
24.          73                 175                 182.271896362                           -7.2718963623
25.          73                 185                 182.271896362                            2.7281036377
26.          73                 172                 182.271896362                          -10.2718963623
27.          73                 180                 182.271896362                           -2.2718963623
28.          73                 185                 182.271896362                            2.7281036377
29.          73                 180                 182.271896362                           -2.2718963623
30.          73                 210                 182.271896362                           27.7281036377
31.          73                 195                 182.271896362                           12.7281036377
32.          73                 195                 182.271896362                           12.7281036377
33.          73                 185                 182.271896362                            2.7281036377
34.          73                 195                 182.271896362                           12.7281036377
35.          73                 195                 182.271896362                           12.7281036377
36.          74                 180                 188.602462769                          -8.60246276855
37.          74                 180                 188.602462769                          -8.60246276855
38.          74                 195                 188.602462769                           6.39753723145
39.          74                 189                 188.602462769                          0.397537231445
40.          74                 200                 188.602462769                           11.3975372314
41.          74                 180                 188.602462769                          -8.60246276855
42.          74                 175                 188.602462769                          -13.6024627686
43.          74                 175                 188.602462769                          -13.6024627686
44.          74                 181                 188.602462769                          -7.60246276855
45.          74                 168                 188.602462769                          -20.6024627686
46.          74                 190                 188.602462769                           1.39753723145
47.          74                 170                 188.602462769                          -18.6024627686
48.          74                 187                 188.602462769                          -1.60246276855
49.          74                 180                 188.602462769                          -8.60246276855
50.          74                 200                 188.602462769                           11.3975372314
51.          74                 170                 188.602462769                          -18.6024627686
52.          74                 185                 188.602462769                          -3.60246276855
53.          74                 185                 188.602462769                          -3.60246276855
54.          74                 185                 188.602462769                          -3.60246276855
55.          74                 180                 188.602462769                          -8.60246276855
56.          74                 195                 188.602462769                           6.39753723145
57.          75                 209                 194.933029175                           14.0669708252
58.          75                 185                 194.933029175                           -9.9330291748
59.          75                 205                 194.933029175                           10.0669708252
60.          75                 180                 194.933029175                          -14.9330291748
61.          75                 220                 194.933029175                           25.0669708252
62.          75                 190                 194.933029175                           -4.9330291748
63.          75                 190                 194.933029175                           -4.9330291748
64.          75                 197                 194.933029175                            2.0669708252
65.          75                 191                 194.933029175                           -3.9330291748
66.          75                 202                 194.933029175                            7.0669708252
67.          75                 205                 194.933029175                           10.0669708252
68.          75                 203                 194.933029175                            8.0669708252
69.          75                 189                 194.933029175                           -5.9330291748
70.          75                 215                 194.933029175                           20.0669708252
71.          75                 190                 194.933029175                           -4.9330291748
72.          75                 200                 194.933029175                            5.0669708252
73.          75                 175                 194.933029175                          -19.9330291748
74.          75                 211                 194.933029175                           16.0669708252
75.          75                 185                 194.933029175                           -9.9330291748
76.          75                 190                 194.933029175                           -4.9330291748
77.          75                 200                 194.933029175                            5.0669708252
78.          75                 180                 194.933029175                          -14.9330291748
79.          75                 200                 194.933029175                            5.0669708252
80.          75                 195                 194.933029175                         0.0669708251953
81.          75                 215                 194.933029175                           20.0669708252
82.          75                 185                 194.933029175                           -9.9330291748
83.          75                 185                 194.933029175                           -9.9330291748
84.          75                 187                 194.933029175                           -7.9330291748
85.          75                 208                 194.933029175                           13.0669708252
86.          75                 195                 194.933029175                         0.0669708251953
87.          75                 197                 194.933029175                            2.0669708252
88.          75                 175                 194.933029175                          -19.9330291748
89.          75                 185                 194.933029175                           -9.9330291748
90.          75                 196                 194.933029175                            1.0669708252
91.          75                 191                 194.933029175                           -3.9330291748
92.          75                 185                 194.933029175                           -9.9330291748
93.          75                 201                 194.933029175                            6.0669708252
94.          75                 172                 194.933029175                          -22.9330291748
95.          75                 178                 194.933029175                          -16.9330291748
96.          75                 190                 194.933029175                           -4.9330291748
97.          75                 190                 194.933029175                           -4.9330291748
98.          76                 195                 201.263595581                          -6.26359558105
99.          76                 210                 201.263595581                           8.73640441895
100.          76                 190                 201.263595581                          -11.2635955811
101.          76                 190                 201.263595581                          -11.2635955811
102.          76                 185                 201.263595581                          -16.2635955811
103.          76                 215                 201.263595581                           13.7364044189
104.          76                 210                 201.263595581                           8.73640441895
105.          76                 190                 201.263595581                          -11.2635955811
106.          76                 210                 201.263595581                           8.73640441895
107.          76                 215                 201.263595581                           13.7364044189
108.          76                 185                 201.263595581                          -16.2635955811
109.          76                 220                 201.263595581                           18.7364044189
110.          76                 215                 201.263595581                           13.7364044189
111.          76                 220                 201.263595581                           18.7364044189
112.          76                 210                 201.263595581                           8.73640441895
113.          76                 191                 201.263595581                          -10.2635955811
114.          76                 195                 201.263595581                          -6.26359558105
115.          76                 207                 201.263595581                           5.73640441895
116.          76                 200                 201.263595581                          -1.26359558105
117.          76                 200                 201.263595581                          -1.26359558105
118.          76                 213                 201.263595581                           11.7364044189
119.          76                 180                 201.263595581                          -21.2635955811
120.          76                 200                 201.263595581                          -1.26359558105
121.          76                 213                 201.263595581                           11.7364044189
122.          76                 180                 201.263595581                          -21.2635955811
123.          76                 190                 201.263595581                          -11.2635955811
124.          76                 190                 201.263595581                          -11.2635955811
125.          76                 208                 201.263595581                           6.73640441895
126.          76                 190                 201.263595581                          -11.2635955811
127.          76                 195                 201.263595581                          -6.26359558105
128.          76                 210                 201.263595581                           8.73640441895
129.          76                 205                 201.263595581                           3.73640441895
130.          77                 215                 207.594161987                            7.4058380127
131.          77                 200                 207.594161987                           -7.5941619873
132.          77                 200                 207.594161987                           -7.5941619873
133.          77                 200                 207.594161987                           -7.5941619873
134.          77                 197                 207.594161987                          -10.5941619873
135.          77                 210                 207.594161987                            2.4058380127
136.          77                 205                 207.594161987                           -2.5941619873
137.          77                 200                 207.594161987                           -7.5941619873
138.          77                 210                 207.594161987                            2.4058380127
139.          77                 220                 207.594161987                           12.4058380127
140.          77                 205                 207.594161987                           -2.5941619873
141.          77                 215                 207.594161987                            7.4058380127
142.          77                 214                 207.594161987                            6.4058380127
143.          77                 220                 207.594161987                           12.4058380127
144.          77                 205                 207.594161987                           -2.5941619873
145.          77                 210                 207.594161987                            2.4058380127
146.          77                 205                 207.594161987                           -2.5941619873
147.          77                 200                 207.594161987                           -7.5941619873
148.          77                 200                 207.594161987                           -7.5941619873
149.          77                 189                 207.594161987                          -18.5941619873
150.          77                 180                 207.594161987                          -27.5941619873
151.          77                 220                 207.594161987                           12.4058380127
152.          77                 183                 207.594161987                          -24.5941619873
153.          77                 201                 207.594161987                           -6.5941619873
154.          77                 200                 207.594161987                           -7.5941619873
155.          77                 205                 207.594161987                           -2.5941619873
156.          77                 189                 207.594161987                          -18.5941619873
157.          77                 200                 207.594161987                           -7.5941619873
158.          77                 225                 207.594161987                           17.4058380127
159.          77                 210                 207.594161987                            2.4058380127
160.          77                 195                 207.594161987                          -12.5941619873
161.          78                 219                 213.924728394                           5.07527160645
162.          78                 218                 213.924728394                           4.07527160645
163.          78                 205                 213.924728394                          -8.92472839355
164.          78                 220                 213.924728394                           6.07527160645
165.          78                 215                 213.924728394                           1.07527160645
166.          78                 208                 213.924728394                          -5.92472839355
167.          78                 185                 213.924728394                          -28.9247283936
168.          78                 225                 213.924728394                           11.0752716064
169.          78                 200                 213.924728394                          -13.9247283936
170.          78                 215                 213.924728394                           1.07527160645
171.          78                 222                 213.924728394                           8.07527160645
172.          78                 200                 213.924728394                          -13.9247283936
173.          78                 219                 213.924728394                           5.07527160645
174.          78                 205                 213.924728394                          -8.92472839355
175.          78                 225                 213.924728394                           11.0752716064
176.          78                 220                 213.924728394                           6.07527160645
177.          78                 230                 213.924728394                           16.0752716064
178.          78                 225                 213.924728394                           11.0752716064
179.          78                 211                 213.924728394                          -2.92472839355
180.          78                 195                 213.924728394                          -18.9247283936
181.          78                 215                 213.924728394                           1.07527160645
182.          78                 220                 213.924728394                           6.07527160645
183.          78                 205                 213.924728394                          -8.92472839355
184.          78                 194                 213.924728394                          -19.9247283936
185.          78                 225                 213.924728394                           11.0752716064
186.          78                 220                 213.924728394                           6.07527160645
187.          78                 220                 213.924728394                           6.07527160645
188.          78                 210                 213.924728394                          -3.92472839355
189.          78                 205                 213.924728394                          -8.92472839355
190.          78                 225                 213.924728394                           11.0752716064
191.          78                 190                 213.924728394                          -23.9247283936
192.          78                 215                 213.924728394                           1.07527160645
193.          78                 174                 213.924728394                          -39.9247283936
194.          78                 200                 213.924728394                          -13.9247283936
195.          78                 210                 213.924728394                          -3.92472839355
196.          78                 195                 213.924728394                          -18.9247283936
197.          78                 207                 213.924728394                          -6.92472839355
198.          78                 220                 213.924728394                           6.07527160645
199.          78                 200                 213.924728394                          -13.9247283936
200.          78                 205                 213.924728394                          -8.92472839355
201.          78                 207                 213.924728394                          -6.92472839355
202.          78                 211                 213.924728394                          -2.92472839355
203.          78                 238                 213.924728394                           24.0752716064
204.          79                 220                   220.2552948                         -0.255294799805
205.          79                 240                   220.2552948                           19.7447052002
206.          79                 185                   220.2552948                          -35.2552947998
207.          79                 235                   220.2552948                           14.7447052002
208.          79                 260                   220.2552948                           39.7447052002
209.          79                 205                   220.2552948                          -15.2552947998
210.          79                 226                   220.2552948                            5.7447052002
211.          79                 214                   220.2552948                           -6.2552947998
212.          79                 233                   220.2552948                           12.7447052002
213.          79                 217                   220.2552948                           -3.2552947998
214.          79                 197                   220.2552948                          -23.2552947998
215.          79                 200                   220.2552948                          -20.2552947998
216.          79                 220                   220.2552948                         -0.255294799805
217.          79                 197                   220.2552948                          -23.2552947998
218.          79                 220                   220.2552948                         -0.255294799805
219.          79                 228                   220.2552948                            7.7447052002
220.          79                 215                   220.2552948                           -5.2552947998
221.          79                 212                   220.2552948                           -8.2552947998
222.          79                 243                   220.2552948                           22.7447052002
223.          79                 232                   220.2552948                           11.7447052002
224.          79                 225                   220.2552948                            4.7447052002
225.          79                 201                   220.2552948                          -19.2552947998
226.          79                 260                   220.2552948                           39.7447052002
227.          79                 230                   220.2552948                            9.7447052002
228.          79                 228                   220.2552948                            7.7447052002
229.          79                 197                   220.2552948                          -23.2552947998
230.          79                 240                   220.2552948                           19.7447052002
231.          79                 270                   220.2552948                           49.7447052002
232.          79                 235                   220.2552948                           14.7447052002
233.          79                 195                   220.2552948                          -25.2552947998
234.          79                 225                   220.2552948                            4.7447052002
235.          79                 220                   220.2552948                         -0.255294799805
236.          79                 220                   220.2552948                         -0.255294799805
237.          79                 206                   220.2552948                          -14.2552947998
238.          79                 185                   220.2552948                          -35.2552947998
239.          79                 218                   220.2552948                           -2.2552947998
240.          79                 215                   220.2552948                           -5.2552947998
241.          79                 215                   220.2552948                           -5.2552947998
242.          79                 245                   220.2552948                           24.7447052002
243.          79                 206                   220.2552948                          -14.2552947998
244.          79                 250                   220.2552948                           29.7447052002
245.          79                 230                   220.2552948                            9.7447052002
246.          79                 205                   220.2552948                          -15.2552947998
247.          79                 230                   220.2552948                            9.7447052002
248.          79                 225                   220.2552948                            4.7447052002
249.          79                 226                   220.2552948                            5.7447052002
250.          79                 200                   220.2552948                          -20.2552947998
251.          79                 230                   220.2552948                            9.7447052002
252.          79                 215                   220.2552948                           -5.2552947998
253.          80                 250                 226.585861206                           23.4141387939
254.          80                 245                 226.585861206                           18.4141387939
255.          80                 235                 226.585861206                           8.41413879395
256.          80                 230                 226.585861206                           3.41413879395
257.          80                 260                 226.585861206                           33.4141387939
258.          80                 220                 226.585861206                          -6.58586120605
259.          80                 218                 226.585861206                          -8.58586120605
260.          80                 248                 226.585861206                           21.4141387939
261.          80                 230                 226.585861206                           3.41413879395
262.          80                 235                 226.585861206                           8.41413879395
263.          80                 240                 226.585861206                           13.4141387939
264.          80                 230                 226.585861206                           3.41413879395
265.          80                 210                 226.585861206                          -16.5858612061
266.          80                 228                 226.585861206                           1.41413879395
267.          80                 253                 226.585861206                           26.4141387939
268.          80                 212                 226.585861206                          -14.5858612061
269.          80                 237                 226.585861206                           10.4141387939
270.          80                 221                 226.585861206                          -5.58586120605
271.          80                 240                 226.585861206                           13.4141387939
272.          80                 190                 226.585861206                          -36.5858612061
273.          80                 250                 226.585861206                           23.4141387939
274.          80                 215                 226.585861206                          -11.5858612061
275.          80                 220                 226.585861206                          -6.58586120605
276.          80                 235                 226.585861206                           8.41413879395
277.          80                 226                 226.585861206                         -0.585861206055
278.          80                 218                 226.585861206                          -8.58586120605
279.          80                 232                 226.585861206                           5.41413879395
280.          80                 210                 226.585861206                          -16.5858612061
281.          80                 230                 226.585861206                           3.41413879395
282.          80                 240                 226.585861206                           13.4141387939
283.          80                 205                 226.585861206                          -21.5858612061
284.          80                 218                 226.585861206                          -8.58586120605
285.          80                 225                 226.585861206                          -1.58586120605
286.          80                 235                 226.585861206                           8.41413879395
287.          80                 235                 226.585861206                           8.41413879395
288.          80                 225                 226.585861206                          -1.58586120605
289.          80                 228                 226.585861206                           1.41413879395
290.          80                 241                 226.585861206                           14.4141387939
291.          80                 230                 226.585861206                           3.41413879395
292.          80                 200                 226.585861206                          -26.5858612061
293.          80                 207                 226.585861206                          -19.5858612061
294.          80                 210                 226.585861206                          -16.5858612061
295.          80                 239                 226.585861206                           12.4141387939
296.          80                 200                 226.585861206                          -26.5858612061
297.          80                 221                 226.585861206                          -5.58586120605
298.          80                 230                 226.585861206                           3.41413879395
299.          81                 260                 232.916427612                           27.0835723877
300.          81                 235                 232.916427612                            2.0835723877
301.          81                 235                 232.916427612                            2.0835723877
302.          81                 217                 232.916427612                          -15.9164276123
303.          81                 235                 232.916427612                            2.0835723877
304.          81                 209                 232.916427612                          -23.9164276123
305.          81                 240                 232.916427612                            7.0835723877
306.          81                 220                 232.916427612                          -12.9164276123
307.          81                 225                 232.916427612                           -7.9164276123
308.          81                 250                 232.916427612                           17.0835723877
309.          81                 237                 232.916427612                            4.0835723877
310.          81                 266                 232.916427612                           33.0835723877
311.          81                 220                 232.916427612                          -12.9164276123
312.          81                 225                 232.916427612                           -7.9164276123
313.          81                 230                 232.916427612                           -2.9164276123
314.          81                 227                 232.916427612                           -5.9164276123
315.          81                 225                 232.916427612                           -7.9164276123
316.          81                 236                 232.916427612                            3.0835723877
317.          81                 210                 232.916427612                          -22.9164276123
318.          81                 253                 232.916427612                           20.0835723877
319.          81                 245                 232.916427612                           12.0835723877
320.          81                 240                 232.916427612                            7.0835723877
321.          81                 235                 232.916427612                            2.0835723877
322.          81                 205                 232.916427612                          -27.9164276123
323.          81                 254                 232.916427612                           21.0835723877
324.          81                 229                 232.916427612                           -3.9164276123
325.          81                 250                 232.916427612                           17.0835723877
326.          81                 230                 232.916427612                           -2.9164276123
327.          81                 245                 232.916427612                           12.0835723877
328.          81                 289                 232.916427612                           56.0835723877
329.          81                 250                 232.916427612                           17.0835723877
330.          81                 250                 232.916427612                           17.0835723877
331.          81                 275                 232.916427612                           42.0835723877
332.          81                 200                 232.916427612                          -32.9164276123
333.          81                 215                 232.916427612                          -17.9164276123
334.          81                 252                 232.916427612                           19.0835723877
335.          81                 225                 232.916427612                           -7.9164276123
336.          81                 200                 232.916427612                          -32.9164276123
337.          81                 204                 232.916427612                          -28.9164276123
338.          81                 207                 232.916427612                          -25.9164276123
339.          81                 215                 232.916427612                          -17.9164276123
340.          81                 260                 232.916427612                           27.0835723877
341.          81                 215                 232.916427612                          -17.9164276123
342.          81                 261                 232.916427612                           28.0835723877
343.          81                 225                 232.916427612                           -7.9164276123
344.          81                 217                 232.916427612                          -15.9164276123
345.          81                 240                 232.916427612                            7.0835723877
346.          81                 235                 232.916427612                            2.0835723877
347.          81                 242                 232.916427612                            9.0835723877
348.          81                 210                 232.916427612                          -22.9164276123
349.          81                 188                 232.916427612                          -44.9164276123
350.          81                 240                 232.916427612                            7.0835723877
351.          81                 230                 232.916427612                           -2.9164276123
352.          81                 205                 232.916427612                          -27.9164276123
353.          81                 235                 232.916427612                            2.0835723877
354.          81                 240                 232.916427612                            7.0835723877
355.          81                 196                 232.916427612                          -36.9164276123
356.          81                 240                 232.916427612                            7.0835723877
357.          81                 235                 232.916427612                            2.0835723877
358.          81                 235                 232.916427612                            2.0835723877
359.          81                 230                 232.916427612                           -2.9164276123
360.          81                 255                 232.916427612                           22.0835723877
361.          81                 235                 232.916427612                            2.0835723877
362.          81                 235                 232.916427612                            2.0835723877
363.          81                 248                 232.916427612                           15.0835723877
364.          81                 207                 232.916427612                          -25.9164276123
365.          81                 248                 232.916427612                           15.0835723877
366.          82                 235                 239.246994019                          -4.24699401855
367.          82                 235                 239.246994019                          -4.24699401855
368.          82                 260                 239.246994019                           20.7530059814
369.          82                 240                 239.246994019                          0.753005981445
370.          82                 228                 239.246994019                          -11.2469940186
371.          82                 240                 239.246994019                          0.753005981445
372.          82                 230                 239.246994019                          -9.24699401855
373.          82                 250                 239.246994019                           10.7530059814
374.          82                 235                 239.246994019                          -4.24699401855
375.          82                 225                 239.246994019                          -14.2469940186
376.          82                 270                 239.246994019                           30.7530059814
377.          82                 275                 239.246994019                           35.7530059814
378.          82                 231                 239.246994019                          -8.24699401855
379.          82                 240                 239.246994019                          0.753005981445
380.          82                 235                 239.246994019                          -4.24699401855
381.          82                 260                 239.246994019                           20.7530059814
382.          82                 250                 239.246994019                           10.7530059814
383.          82                 245                 239.246994019                           5.75300598145
384.          82                 280                 239.246994019                           40.7530059814
385.          82                 240                 239.246994019                          0.753005981445
386.          82                 225                 239.246994019                          -14.2469940186
387.          82                 235                 239.246994019                          -4.24699401855
388.          82                 230                 239.246994019                          -9.24699401855
389.          82                 228                 239.246994019                          -11.2469940186
390.          82                 240                 239.246994019                          0.753005981445
391.          82                 240                 239.246994019                          0.753005981445
392.          82                 220                 239.246994019                          -19.2469940186
393.          82                 255                 239.246994019                           15.7530059814
394.          82                 240                 239.246994019                          0.753005981445
395.          82                 210                 239.246994019                          -29.2469940186
396.          82                 250                 239.246994019                           10.7530059814
397.          82                 228                 239.246994019                          -11.2469940186
398.          82                 228                 239.246994019                          -11.2469940186
399.          82                 220                 239.246994019                          -19.2469940186
400.          82                 240                 239.246994019                          0.753005981445
401.          82                 235                 239.246994019                          -4.24699401855
402.          82                 260                 239.246994019                           20.7530059814
403.          82                 225                 239.246994019                          -14.2469940186
404.          82                 245                 239.246994019                           5.75300598145
405.          82                 250                 239.246994019                           10.7530059814
406.          82                 255                 239.246994019                           15.7530059814
407.          82                 280                 239.246994019                           40.7530059814
408.          82                 235                 239.246994019                          -4.24699401855
409.          82                 255                 239.246994019                           15.7530059814
410.          82                 232                 239.246994019                          -7.24699401855
411.          82                 237                 239.246994019                          -2.24699401855
412.          82                 246                 239.246994019                           6.75300598145
413.          82                 245                 239.246994019                           5.75300598145
414.          82                 230                 239.246994019                          -9.24699401855
415.          82                 251                 239.246994019                           11.7530059814
416.          82                 235                 239.246994019                          -4.24699401855
417.          82                 245                 239.246994019                           5.75300598145
418.          82                 245                 239.246994019                           5.75300598145
419.          83                 260                 245.577560425                           14.4224395752
420.          83                 260                 245.577560425                           14.4224395752
421.          83                 253                 245.577560425                            7.4224395752
422.          83                 255                 245.577560425                            9.4224395752
423.          83                 230                 245.577560425                          -15.5775604248
424.          83                 270                 245.577560425                           24.4224395752
425.          83                 200                 245.577560425                          -45.5775604248
426.          83                 232                 245.577560425                          -13.5775604248
427.          83                 260                 245.577560425                           14.4224395752
428.          83                 250                 245.577560425                            4.4224395752
429.          83                 232                 245.577560425                          -13.5775604248
430.          83                 230                 245.577560425                          -15.5775604248
431.          83                 235                 245.577560425                          -10.5775604248
432.          83                 275                 245.577560425                           29.4224395752
433.          83                 220                 245.577560425                          -25.5775604248
434.          83                 235                 245.577560425                          -10.5775604248
435.          83                 240                 245.577560425                           -5.5775604248
436.          83                 250                 245.577560425                            4.4224395752
437.          83                 250                 245.577560425                            4.4224395752
438.          83                 265                 245.577560425                           19.4224395752
439.          83                 235                 245.577560425                          -10.5775604248
440.          83                 250                 245.577560425                            4.4224395752
441.          83                 260                 245.577560425                           14.4224395752
442.          83                 255                 245.577560425                            9.4224395752
443.          83                 240                 245.577560425                           -5.5775604248
444.          83                 235                 245.577560425                          -10.5775604248
445.          83                 225                 245.577560425                          -20.5775604248
446.          83                 245                 245.577560425                         -0.577560424805
447.          83                 290                 245.577560425                           44.4224395752
448.          83                 210                 245.577560425                          -35.5775604248
449.          83                 235                 245.577560425                          -10.5775604248
450.          83                 240                 245.577560425                           -5.5775604248
451.          83                 240                 245.577560425                           -5.5775604248
452.          83                 225                 245.577560425                          -20.5775604248
453.          83                 267                 245.577560425                           21.4224395752
454.          83                 255                 245.577560425                            9.4224395752
455.          83                 255                 245.577560425                            9.4224395752
456.          83                 265                 245.577560425                           19.4224395752
457.          83                 230                 245.577560425                          -15.5775604248
458.          83                 240                 245.577560425                           -5.5775604248
459.          83                 245                 245.577560425                         -0.577560424805
460.          83                 270                 245.577560425                           24.4224395752
461.          83                 250                 245.577560425                            4.4224395752
462.          83                 245                 245.577560425                         -0.577560424805
463.          84                 255                 251.908126831                           3.09187316895
464.          84                 238                 251.908126831                          -13.9081268311
465.          84                 265                 251.908126831                           13.0918731689
466.          84                 255                 251.908126831                           3.09187316895
467.          84                 250                 251.908126831                          -1.90812683105
468.          84                 257                 251.908126831                           5.09187316895
469.          84                 270                 251.908126831                           18.0918731689
470.          84                 285                 251.908126831                           33.0918731689
471.          84                 250                 251.908126831                          -1.90812683105
472.          84                 240                 251.908126831                          -11.9081268311
473.          84                 247                 251.908126831                          -4.90812683105
474.          84                 230                 251.908126831                          -21.9081268311
475.          84                 280                 251.908126831                           28.0918731689
476.          84                 263                 251.908126831                           11.0918731689
477.          84                 260                 251.908126831                           8.09187316895
478.          84                 285                 251.908126831                           33.0918731689
479.          84                 255                 251.908126831                           3.09187316895
480.          84                 245                 251.908126831                          -6.90812683105
481.          84                 255                 251.908126831                           3.09187316895
482.          84                 222                 251.908126831                          -29.9081268311
483.          84                 265                 251.908126831                           13.0918731689
484.          84                 235                 251.908126831                          -16.9081268311
485.          84                 240                 251.908126831                          -11.9081268311
486.          84                 252                 251.908126831                         0.0918731689453
487.          84                 250                 251.908126831                          -1.90812683105
488.          84                 255                 251.908126831                           3.09187316895
489.          84                 240                 251.908126831                          -11.9081268311
490.          84                 260                 251.908126831                           8.09187316895
491.          84                 275                 251.908126831                           23.0918731689
492.          84                 240                 251.908126831                          -11.9081268311
493.          84                 265                 251.908126831                           13.0918731689
494.          84                 250                 251.908126831                          -1.90812683105
495.          84                 263                 251.908126831                           11.0918731689
496.          84                 260                 251.908126831                           8.09187316895
497.          85                 235                 258.238677979                          -23.2386779785
498.          85                 245                 258.238677979                          -13.2386779785
499.          85                 265                 258.238677979                           6.76132202148
500.          85                 250                 258.238677979                          -8.23867797852
501.          85                 250                 258.238677979                          -8.23867797852
502.          85                 235                 258.238677979                          -23.2386779785
503.          85                 255                 258.238677979                          -3.23867797852
504.          86                 278                 264.569244385                           13.4307556152
505.          87                 263                 270.899810791                          -7.89981079102
The linear function of the line of best fit is: f(x)= 6.33056545258x + -279.859375
Enter the x-value you would like to substitute to the function: 66
Your y-value: 137.95794487
Process returned 0 (0x0)   execution time : 50.591 s
Press any key to continue.
_________________________________________________________________________________________________________________
Birth Rate & Infant Mortality Rate
*************************************************
Country               BR      N/A      N/A    IMR
-------------------------------------------------
Venezuela            46.4     392    0.40    68.5
Mexico               45.7     118    0.61    87.8
Ecuador              45.3      44    0.53   115.8
Colombia             38.6     158    0.53   106.8
Ceylon               37.2      81    0.53    71.6
Puerto Rico          35.0     374    0.37    60.2
Chile                34.0     187    0.30   118.7
Canada               28.3     993    0.19    33.7
United States        24.7    1723    0.12    27.2
Argentina            24.7     287    0.20    62.0
New Zealand          24.4     970    0.19    24.9
Australia            22.7     885    0.12    22.9
Hungary              22.3     200    0.53    65.7
Netherlands          21.7     575    0.14    21.6
Finland              21.6     688    0.34    32.4
Phillipines          21.3      48    0.69   108.7
Ireland              21.2     572    0.49    38.6
Japan                20.8     239    0.42    46.7
Spain                20.3     244    0.48    56.5
France               18.9     472    0.25    44.4
Greece               18.8     134    0.52    47.4
Norway               18.6     633    0.19    21.7
Italy                18.0     295    0.44    55.7
Denmark              17.6     906    0.24    27.1
Switzerland          17.0    1045    0.16    28.5
Belgium              16.7     775    0.10    41.6
West Germany         15.9     619    0.15    44.6
England              15.3     901    0.05    26.1
Sweden               15.0     910    0.24    18.7
Austria              14.8     556    0.22    49.1

Legend
------
BR = Birth Rate
IMR = Infant Mortality Rate
N/A = Not Applicable

References
----------
Source: R. Weintraub (1962). "The Birth Rate and Economic Development:
      An Empirical Study", Econometrica, Vol. 40, #4, pp 812-817.


**********************************************************************
RESULTS
**********************************************************************
Enter the no. of data pairs to be entered:
30

(Birth Rate)
Enter the x-axis values:
46.4
45.7
45.3
38.6
37.2
35
34
28.3
24.7
24.7
24.4
22.7
22.3
21.7
21.6
21.3
21.2
20.8
20.3
18.9
18.8
18.6
18
17.6
17
16.7
15.9
15.3
15
14.8

(Infant Mortality Rate)
Enter the y-axis values:
68.5
87.8
115.8
106.8
71.6
60.2
118.7
33.7
27.2
62
24.9
22.9
65.7
21.6
32.4
108.7
38.6
46.7
56.5
44.4
47.4
21.7
55.7
27.1
28.5
41.6
44.6
26.1
18.7
49.1
S.no         x           y(actual)                     y(fitted)                               deviation
------------------------------------------------------------------------------------------------------------------
1.        46.4                68.5                 96.7748794556                          -28.2748794556
2.        45.7                87.8                  95.342918396                            -7.542918396
3.        45.3               115.8                 94.5246505737                           21.2753494263
4.        38.6               106.8                 80.8186950684                           25.9813049316
5.        37.2                71.6                 77.9547653198                          -6.35476531982
6.          35                60.2                 73.4542999268                          -13.2542999268
7.          34               118.7                 71.4086380005                           47.2913619995
8.        28.3                33.7                 59.7483444214                          -26.0483444214
9.        24.7                27.2                 52.3839492798                          -25.1839492798
10.        24.7                  62                 52.3839492798                           9.61605072021
11.        24.4                24.9                 51.7702484131                          -26.8702484131
12.        22.7                22.9                 48.2926216125                          -25.3926216125
13.        22.3                65.7                 47.4743537903                           18.2256462097
14.        21.7                21.6                 46.2469558716                          -24.6469558716
15.        21.6                32.4                  46.042388916                           -13.642388916
16.        21.3               108.7                 45.4286880493                           63.2713119507
17.        21.2                38.6                 45.2241210938                          -6.62412109375
18.        20.8                46.7                 44.4058570862                           2.29414291382
19.        20.3                56.5                 43.3830223083                           13.1169776917
20.        18.9                44.4                 40.5190925598                           3.88090744019
21.        18.8                47.4                 40.3145256042                           7.08547439575
22.        18.6                21.7                 39.9053916931                          -18.2053916931
23.          18                55.7                 38.6779937744                           17.0220062256
24.        17.6                27.1                 37.8597297668                          -10.7597297668
25.          17                28.5                 36.6323280334                          -8.13232803345
26.        16.7                41.6                 36.0186309814                           5.58136901855
27.        15.9                44.6                 34.3820991516                           10.2179008484
28.        15.3                26.1                 33.1546974182                          -7.05469741821
29.          15                18.7                 32.5410003662                          -13.8410003662
30.        14.8                49.1                 32.1318664551                           16.9681335449
The linear function of the line of best fit is: f(x)= 2.04566502571x + 1.85602366924
Enter the x-value you would like to substitute to the function
                                                          17.12
Your y-value: 36.6323291063
Process returned 0 (0x0)   execution time : 433.396 s
Press any key to continue.
*/